952 3
1285
2504 7
2534
3438 10
3467
3764 11
3831
10987 38
11005
11605 40
11623
11920 39
11930
12229 42
12256
12553 41
12564
12863 44
12882
13179 43
13190
13493 46
13513
13814 45
13825 47
13836 39
19450 41
25053 43
25116 41
26651 43
30966 41
31995 43
33035 41
33782 43
34300 41
35604 43
36645 41
37663 43
39216 41
40248 45
43850 41
44083 45
44454 41
44723 45
45168 43
45952 45
46402 43
46658 45
47556 41
49095 45
53578 43
54618 45
55744 43
56263 45
56711 41
57228 45
58120 41
66829 43
68382 45
72425 47
72476 41
73488 43
74006 41
74525 45
84127 41
84637 43
84900 45
86698 47
92799 41
94063 43
95358 45
99850 41
100133 45
101702 41
101935 45
102383 47
103564 43
104085 41
104362 45
105493 43
107051 47
109406 41
110443 45
123141 47
124346 45
125465 47
126644 41
127152 45
128052 41
128562 45
129462 43
129983 39
130065 47
132447
133354 50
133379 41
134399 45
139336 43
149106 47
150294 41
150799 43
151062 47
152266 45
153847 43
154105 41
154338 47
156697 43
157738 45
171101 41
172392 43
172911 45
174490 47
175665 45
176330 41
176849 47
178030 45
178930 43
179451 41
180483 47
182852 45
187121 43
188163 45
189282 47
189717 43
190236 41
190752 45
191880 47
192620 43
193141 45
202459 41
202968 47
204152 43
205712 45
210205 41
219549 47
221939 45
222839 41
223346 43
223867 45
225217 47
225652 41
225885 45
230614 47
234211 43
235771 41
237066 45
237966 47
239149 45
249149 41
249661 43
250182 47
259640 45
260990 41
262252 43
263812 45
268068 47
271630 41
271913 43
272302 45
273649 47
274859 41
275378 43
275636 45
276533 43
277054 45
278851 41
280402 43
281440 47
285001 45
297924 41
298433 43
298954 47
299389 45
300736 41
301252 45
305966 47
309075 43
318341 41
319882 45
321232 47
322411 43
322929 45
323829 47
324264 43
324785 41
325292 45
326189 47
326931 41
327164 43
328206 45
340614 47
342966 43
343229 41
344030 45
345830 47
347010 43
347268 41
347783 45
348911 41
357632 47
358067 45
363455 41
364471 47
367585 43
369669 45
370338 41
370845 45
372195 43
372716 47
373927 45
383017 41
383532 47
384714 45
389664 41
390690 47
392002 43
393565 41
394081 45
395427 47
396621 41
396854 43
397375 45
398506 47
399717 41
399998 45
401117 41
402650 47
405030 43
406332 45
419695 41
419928 43
420448 47
421626 45
422745 41
423031 45
424162 43
424420 41
424927 47
426106 45
431046 43
432601 41
433632 47
444218 43
444736 45
447202 41
447712 45
448162 47
450520 43
451559 45
464495 43
465016 47
467404 41
468936 45
470502 43
471023 47
472204 45
474229 41
474736 47
475933 43
476454 41
477479 45
482189 47
485729 43
495498 41
496015 45
498493 47
499689 41
508469 43
508985 45
518302 47
520693 41
521721 43
522763 45
527710 47
528886 41
529399 45
530299 43
530820 41
531336 45
532683 47
533863 41
533990 45
538718 47
542743 43
544301 41
545322 45
554646 47
555396 41
555906 45
556587 43
557107 41
557625 45
558522 47
559699 41
560715 47
563079 45
568024 43
569063 47
570252 41
570759 43
571280 45
572630 43
573151 45
573820 41
574335 47
575513 45
576644 47
579016 41
580534 45
592996 43
594682 47
595861 45
597211 41
597720 43
598238 45
601385 41
602647 47
614528 43
615564 45
619158 41
619435 45
620785 43
621305 47
622476 45
623376 41
623894 43
624933 47
628497 41
629532 45
643364 43
643885 47
645079 45
646198 41
646708 45
647969 43
649011 45
650573 47
654112 41
663898 43
673210 45
677703 41
678220 45
679351 47
680540 43
681061 45
691055 43
692093 41
693619 47
697185 45
701898 43
702419 45
703319 43
703833 41
704345 45
705473 47
706665 45
708234 47
709556 43
711117 41
712659 45
725137 47
727487 41
727720 45
728835 47
729270 43
729791 45
730691 41
731210 47
731981 41
733281 45
738456 47
740838 43
742143 45
743493 47
744664 43
744919 41
745438 45
746335 43
746598 45
747714 43
747972 45
760965 41
762508 47
766061 43
767622 41
768132 45
769929 47
771121 45
772468 41
772987 43
773508 45
774627 43
776189 45
780013 47
783561 41
785107 45
786454 41
786687 45
796008 43
796529 41
805052 47
815653 45
816997 41
818550 47
820959 45
825905 43
827468 45
828815 43
829336 41
829855 47
831043 45
832174 47
834543 45
839039 41
840415 43
841455 47
842651 45
851966 41
852248 43
852769 45
853666 47
854860 41
855365 45
856715 47
857150 43
866922 45
871866 47
876163 41
877701 45
878832 43
879353 45
880472 47
881666 41
882182 45
882863 43
884423 41
885433 45
898581 47
900961 45
902758 47
903939 43
904588 45
905257 41
905762 45
911837 43
913398 47
917007 41
918549 43
918812 45
929033 43
929291 41
929810 47
931003 45
931684 43
932203 41
933237 45
938394 47
941201 43
943019 47
943764 45
945111 41
945618 43
945876 47
947067 45
949088 41
958807 43
960112 45
973166 47
975980 43
976756 45
978106 47
978858 45
979758 41
980273 47
989820 45
990944 43
991983 47
994360 45
998614 43
999135 41
1000400 47
1001590 45
1002718 43
1003239 41
1003525 45
1004872 47
1006076 45
1007642 43
1008681 41
1010228 47
1012621 45
1025824 43
1026345 47
1027649 41
1028164 45
1029511 47
1030711 41
1031230 45
1032130 43
1040863 47
1042054 41
1043080 45
1048024 43
1049066 47
1050673 41
1051177 45
1052521 43
1053042 47
1053805 45
1054486 43
1055007 45
1064547 41
1065063 47
1068646 45
1073587 41
1074858 43
1075900 45
1077019 41
1077305 43
1078088 47
1078523 45
1079873 41
1080377 43
1080635 47
1081070 45
1081970 41
1082203 43
1083242 45
1096370 47
1099485 41
1100280 43
1100801 47
1101989 45
1103786 41
1104537 47
1105716 45
1106616 43
1107137 41
1107423 47
1110963 45
1116137 43
1117176 41
1126404 47
1127611 41
1128127 45
1129927 43
1130448 41
1130681 45
1131800 43
1132063 47
1133246 41
1133532 43
1133788 45
1143785 47
1146165 41
1147691 45
1151732 43
1152774 47
1162294 43
1162557 45
1163904 41
1164423 43
1164681 45
1166255 41
1166765 47
1167943 43
1168982 45
1173472 41
1174625 47
1176975 43
1177496 45
1178615 47
1179820 43
1180341 45
1189884 41
1190403 45
1191084 41
1192107 47
1195695 43
1196737 45
1201897 41
1202413 45
1203313 43
1203834 45
1204515 41
1204748 47
1205927 45
1206827 43
1207348 47
1208527 41
1209833 45
1223439 43
1232808 47
1235614 45
1236964 43
1237485 41
1238004 45
1239348 47
1240117 45
1241017 47
1242197 43
1243501 41
1244526 45
1249242 47
1251616 43
1251871 47
1253062 45
1254406 41
1254912 45
1256043 43
1256564 41
1257080 45
1257977 47
1261542 41
1270780 43
1272343 45
1285477 43
1285998 41
1286513 45
1288079 47
1289287 43
1289550 45
1291030 43
1291288 41
1291804 47
1294190 43
1295232 45
1300620 41
1301637 47
1304016 45
1313565 41
1314084 43
1314605 45
1316402 41
1316921 43
1317442 47
1319070 45
1323561 43
1324603 41
1325634 47
1328774 45
1330802 43
1331323 41
1331836 47
1332271 45
1333171 41
1333687 47
1342637 45
1356047 43
1357086 41
1358639 47
1361141 45
1362038 43
1362559 45
1363690 41
1363923 47
1365104 41
1365390 45
1366509 43
1367551 41
1368582 47
1372127 45
1377071 43
1377589 41
1378108 45
1379008 43
1379271 47
1380479 45
1381826 43
1383117 45
1395806 41
1397341 47
1400893 43
1409677 45
1411702 41
1412221 43
1412742 45
1413411 47
1414601 45
1416848 41
1426590 43
1427892 47
1430702 45
1435193 43
1435450 47
1436207 45
1445300 41
1445819 43
1446340 47
1447528 45
1449775 47
1450958 41
1452205 47
1453834 45
1458331 41
1458617 43
1459658 45
1460789 47
1461537 43
1462058 41
1462291 47
1463478 45
1465044 43
1465307 41
1466099 45
1479087 47
1481432 43
1482729 41
1483883 47
1485063 45
1486632 41
1487151 45
1488498 43
1489018 47
1490200 43
1490721 45
1492511 47
1494872 41
1496416 45
1500693 43
1501735 41
1501968 45
1503312 41
1504104 47
1505274 45
1506171 43
1506691 41
1507716 45
1520865 47
1532619 43
1533661 41
1534180 45
1535530 47
1536722 43
1537371 41
1537890 45
1540359 47
1541561 43
1543124 47
1545483 45
1558620 41
1559885 47
1560320 41
1560603 45
1562400 43
1562917 47
1563664 45
1564792 43
1565313 41
1574025 47
1575194 45
1576760 41
1577276 45
1581554 41
1582588 47
1584961 43
1586524 45
1587640 47
1588831 45
1590178 41
1590684 43
1600453 45
1614173 41
1615205 47
1618768 45
1620111 41
1620616 43
1620879 41
1621395 45
1622295 43
1622549 47
1623756 43
1624277 45
1625858 41
1627412 45
1632362 43
1633404 47
1637396 45
1638296 47
1639057 45
1647735 41
1648251 43
1648772 47
1649960 45
1651976 43
1652497 47
1654876 45
1658913 47
1659041 43
1659562 41
1661112 45
1662012 47
1662447 41
1662953 43
1663474 47
1664231 45
1665809 43
1666327 45
1679683 41
1681237 47
1684835 43
1685869 45
1687219 41
1687738 47
1688173 45
1688854 43
1689375 47
1690119 43
1690382 45
1691498 47
1691933 45
1696202 41
1705942 43
1707242 47
1717388 41
1717898 45
1719464 47
1720642 43
1721163 45
1722513 47
1723719 45
1724619 47
1726995 41
1728552 45
1741473 43
1743029 41
1743262 47
1744442 45
1745792 41
1746062 45
1746731 43
1747252 47
1747687 45
1749034 41
1749267 47
1750027 41
1750829 45
1754423 47
1757989 43
1759029 41
1759548 43
1760069 45
1761866 47
1762301 41
1762819 43
1763337 47
1764094 45
1765222 43
1766264 47
1768639 41
1769667 45
1783939 41
1784446 47
1785624 43
1794351 45
1795251 41
1795484 47
1795919 45
1797266 41
1797549 43
1799112 47
1802269 45
1807219 41
1808363 45
1817253 41
1817772 43
1818290 47
1819485 45
1821054 47
1822234 45
1827403 41
1828941 47
1832487 43
1833529 45
1834429 47
1835620 45
1836970 43
1837491 41
1838001 43
1838521 45
1839871 47
1841063 41
1841296 43
1842466 45
1855374 47
1858929 41
1860241 43
1860762 45
1863459 47
1864631 41
1873362 43
1873625 45
1874969 47
1885694 41
1886725 43
1888019 45
1892513 41
1893032 47
1894212 43
1894475 45
1895825 43
1896083 45
1896980 43
1897501 41
1898017 47
1899209 45
1909007 43
1910049 41
1911068 47
1912684 43
1913205 45
1918143 41
1918659 45
1919907 47
1921099 43
1921616 45
1923197 41
1923707 47
1926063 43
1927105 45
1940018 41
1941053 43
1941571 47
1942776 45
1943907 41
1944140 45
1945259 43
1945780 47
1946215 41
1946494 45
1947844 47
1949035 43
1949298 41
1950317 47
1953460 45
1958401 43
1959698 41
1960216 45
1962466 43
1971180 47
1972369 41
1972876 45
1986247 43
1987286 41
1988307 47
1990815 45
1992165 47
1993360 41
1993876 43
1994397 45
1995294 43
1995557 45
1996454 47
1997648 43
1997905 41
1998420 47
2000783 45
2006183 43
2007740 41
2008765 45
2018530 41
2019046 43
2019309 47
2020504 45
2021851 43
2022109 45
2023456 41
2033199 47
2036001 45
2040945 43
2042508 47
2042943 45
2044290 43
2044811 41
2045326 47
2047275 45
2048625 43
2048888 45
2050466 41
2051492 43
2052785 45
2065269 47
2077057 41
2077573 43
2078094 45
2079675 41
2079908 45
2081027 41
2081301 45
2082651 43
2083169 47
2084794 41
2085831 47
2088936 43
2090241 41
2090760 45
2095038 43
2095296 45
2097093 47
2098269 43
2098789 41
2099305 45
2108405 41
2109780 43
2110822 45
2115541 47
2119134 41
2119407 43
2119670 45
2121464 43
2121722 41
2122240 45
2123137 43
2123658 45
2125908 47
2129477 43
2130519 45
2142580 43
2142843 41
2144388 45
2145504 43
2154044 41
2154277 45
2155408 47
2156583 41
2156869 43
2157390 45
2158506 43
2159545 41
2161083 45
2165580 47
2169128 43
2169649 45
2170780 47
2171954 43
2172082 45
2172979 41
2173494 47
2173929 45
2175048 43
2175569 41
2184799 47
2187916 43
2188958 45
2202107 41
2202620 45
2203520 43
2204041 41
2204546 47
2205738 45
2207532 43
2207795 41
2208314 45
2213264 43
2214561 47
2218123 41
2218638 43
2219158 45
2220508 47
2221685 41
2222201 45
2232472 41
2232988 43
2233509 47
2234706 45
2239338 47
2249899 41
2251443 43
2252748 45
2254767 41
2255286 47
2256470 43
2256725 45
2257175 41
2257682 43
2258198 45
2259998 43
2261036 45
2273066 47
2276648 41
2277668 43
2278189 45
2279539 41
2280056 47
2281250 45
2282600 47
2285406 45
2290569 41
2291812 43
2293375 47
2294121 45
2295018 41
2295295 47
2296616 45
2297513 43
2298034 41
2298553 45
2299903 47
2302287 43
2303329 41
2304871 45
2317632 47
2318808 43
2319329 45
2320679 43
2321200 45
2322331 47
2323528 41
2332231 45
2333578 47
2337131 41
2338169 45
2342660 43
2352427 47
2352862 45
2354428 41
2354931 47
2355687 41
2356197 45
2365524 43
2366045 47
2368425 45
2373816 43
2375379 41
2376404 47
2377589 45
2378939 41
2379455 45
2379905 43
2380426 41
2380942 45
2381842 47
2383036 45
2397096 47
2400663 43
2402226 41
2403771 45
2405118 43
2405381 45
2406281 41
2406797 43
2407052 45
2408402 47
2409597 41
2411126 43
2412167 45
2416886 47
2419270 43
2419791 45
2421141 41
2421647 45
2423444 43
2423964 41
2424607 45
2437739 43
2438781 41
2439815 45
2441162 43
2441679 45
2442360 41
2442875 43
2443393 45
2444062 43
2445625 45
2449222 41
2450767 45
2452348 41
2461068 43
2461586 45
2470713 41
2471228 43
2472398 45
2477345 41
2478610 43
2479131 45
2480031 41
2480305 45
2482102 43
2482623 41
2483139 45
2483589 43
2483852 41
2484887 45
2489384 43
2498627 45
2508177 43
2508435 41
2508951 43
2509214 45
2510333 43
2510588 45
2511938 41
2512445
2512730 47
2512766 43
2514329 45
2518604 41
2519624 43
2520142 45
2526662 41
2527679 43
2528200
2528485 47
2528666 43
2529187 41
2530898 43
2531940 47
2531981 43
2532502 41
2540207 43
2540728 41
2540739 43
2546710
2549434 59
2549462
2549762 60
2549796
2550096 61
2550122
2550422 62
2550449
