679 3
1012
2231 7
2261
3165 10
3194
3491 11
3558
10714 38
10732
11332 40
11350
11946 42
11973
12569 44
12588
13188 46
13208
13509 39
13519 45
13530 43
13541 41
13552 47
13563 39
17631 41
25285 43
28627 41
29654 43
30690 41
31205 43
31726 41
32748 43
33785 41
34295 43
34815 41
35323 43
35844 41
36876 43
37913 45
44126 41
44628 45
45528 43
46044 45
47384 41
47888 43
48151 45
49049 41
50084 43
50861 45
55342 43
55861 45
56989 41
57506 45
58404 43
58925 45
59594 41
68807 45
81107 43
82144 41
82652 45
83331 43
83850 45
85866 43
86129 41
86648 47
92800 45
97973 41
98998 43
100289 45
101639 41
102155 47
103336 45
112656 43
113176 45
114076 41
115620 43
117177 47
119967 45
124467 43
124986 47
125756 45
126884 41
127403 45
128303 47
129482 43
129745 47
130935 45
144743 41
146271 43
155783 39
155865 45
157894 47
161478
162385 50
162410 41
162920 45
164036 41
164541 43
165060 47
166248 45
170964 41
172488 43
173527 47
175873 45
176770 41
177289 43
177809 45
179159 43
179680 45
181030 47
182211 41
182727 45
192942 47
194131 43
195171 45
198547 43
199068 41
200100 47
202455 45
203803 41
204312 45
205431 43
205952 47
208343 45
213291 43
214331 41
223549 47
225167 45
226517 47
226952 41
227585 47
228364 45
237466 41
237974 43
238495 45
240074 43
241113 41
242133 47
245699 45
250636 43
251157 41
251669 45
252566 47
262024 45
263140 43
263658 41
264177 45
268905 47
271290 43
272332 41
273358 45
282450 43
282713 47
283890 45
285459 41
285978 43
286236 45
287581 43
287707 47
291284 43
292844 45
297791 41
299342 45
300692 47
301886 45
302786 41
303295 43
303816 45
304713 47
307086 41
308118 43
309156 45
322115 47
323286 41
323804 43
324325 45
326122 47
326557 45
327457 47
328201 41
328434 45
330358 47
332715 43
342502 41
343802 45
347846 47
349018 45
350365 41
350880 43
351398 45
360710 47
361890 43
362411 45
363761 47
366553 43
367595 45
371422 41
381164 43
381685 47
382877 45
384446 41
384956 47
385732 45
386632 47
389000 45
402132 43
403695 41
405236 47
406556 45
408356 41
409096 45
409993 47
411204 43
411725 45
413071 41
413354 43
414396 47
416776 41
418027 45
422755 43
423276 47
424454 45
425351 41
425628 45
426297 41
426816 47
427995 43
429037 41
429556 45
442261 47
452847 41
453354 43
454393 45
455971 47
456406 41
456921 45
458037 43
458557 47
459293 45
460190 47
462573 41
463599 45
468090 43
469649 47
470841 41
471348 45
472698 43
473215 45
474562 47
475743 43
476006 45
485785 47
489344 41
490369 43
491663 45
495479 41
495986 43
496249 45
497599 41
498114 43
498372 45
498822 47
500000 41
500510 45
501638 43
502159 47
504556 41
513853 43
523101 45
527817 47
528252 41
528762 45
538317 47
539072 45
539522 47
540698 43
541219 45
546164 41
547838 47
550219 43
551256 45
552153 41
552663 43
553184 47
554370 45
555720 43
556241 45
557141 41
557652 47
558855 43
559376 45
561173 41
562201 45
573550 47
575912 43
576952 41
577185 45
578532 47
579707 41
579978 45
580875 43
581393 45
583193 41
583705 47
587261 43
588302 41
589324 45
593599 43
594243 41
594476 45
595826 47
597006 41
597277 45
597946 43
598467 41
599990 45
613372 43
614409 47
617974 41
618484 43
619005 45
621024 47
630518 41
631037 45
631937 43
632976 47
635340 41
636368 45
641307 43
642343 47
643526 41
643759 45
645686 41
645972 43
646492 45
646942 47
648131 41
648647 45
661788 43
662827 47
665213 41
674486 45
675617 47
676788 41
677295 45
678411 43
678932 45
680279 43
680800 47
684357 41
685623 45
690354 43
691395 47
692576 41
692849 45
701946 41
702179 43
710971 45
712086 43
712349 41
712626 47
713827 45
719002 47
721504 43
723063 41
724085 45
724754 41
725269 43
726041 45
727391 47
728586 45
742245 43
743550 41
745096 47
748652 45
750230 43
750486 41
750996 45
751896 47
753096 45
753996 43
754517 47
754952 41
755468 45
760412 47
763523 43
765083 41
766109 45
767006 41
767521 45
768636 47
769071 43
769592 45
770489 47
771232 41
772770 43
773810 45
786955 47
789329 43
789850 41
790369 45
792166 47
793354 45
794704 47
795875 43
796396 41
796915 45
798262 47
808843 43
810147 41
811407 45
815903 47
817112 41
825635 43
825893 47
827099 45
837095 41
837614 45
838511 43
840074 41
841341 47
843732 45
848907 41
849193 45
850543 47
851721 43
852242 45
853142 47
854333 43
854596 41
855106 45
856675 47
860243 43
861022 41
862170 45
874418 43
874937 41
875170 45
876520 47
877715 41
877987 43
878508 45
879636 41
879869 45
885266 47
888819 43
898070 41
899375 45
900272 41
900505 43
901026 45
901926 47
903102 45
904449 43
904970 41
905253 45
917952 43
919121 41
920636 47
923021 45
924137 41
924653 47
925855 45
926752 43
927271 41
927781 47
928994 45
930122 47
932509 45
937446 43
938486 41
939521 45
940421 41
940937 43
941458 45
951016 43
951537 47
952712 41
953230 45
954130 47
955327 45
960160 47
962531 43
964089 45
964770 41
974493 47
975671 45
977465 43
977983 41
978486 47
979687 45
981700 43
983261 41
984808 47
995542 45
1007392 47
1008583 45
1010383 41
1010902 43
1011423 45
1012773 43
1013294 45
1018019 47
1020830 41
1022377 45
1023493 47
1024262 43
1025819 45
1026500 47
1027686 45
1028355 41
1029103 43
1029624 45
1030968 41
1031773 45
1044235 43
1045274 41
1045781 47
1049492 45
1050842 43
1051363 45
1052263 41
1052496 47
1053687 45
1054587 41
1055374 43
1064628 47
1067433 45
1072596 41
1073634 47
1074405 43
1074926 45
1085141 47
1086329 43
1086850 41
1087873 45
1089220 47
1090409 43
1092493 47
1094106 45
1098372 41
1099400 45
1100746 41
1101264 47
1102448 45
1103348 43
1103868 45
1117465 41
1126696 47
1130251 43
1131811 41
1132327 43
1132848 45
1134642 41
1134875 45
1136222 47
1137395 43
1137916 41
1139460 45
1144396 47
1147970 43
1149009 45
1149906 41
1150183 43
1150704 45
1151604 41
1152111 47
1153294 45
1154641 41
1155160 47
1156362 45
1157262 41
1158287 47
1168985 43
1170546 45
1183233 41
1183743 47
1184921 43
1185442 45
1187020 41
1187148 45
1188498 43
1189019 47
1190198 41
1191740 45
1196690 43
1197729 47
1200105 41
1200621 45
1211296 43
1211817 47
1213013 45
1213463 41
1213979 45
1215110 47
1216320 43
1216841 45
1217507 41
1218247 43
1218768 45
1219896 47
1221078 41
1221361 45
1222480 41
1224024 47
1228006 43
1237896 45
1244418 41
1244924 47
1245671 45
1255211 41
1255727 43
1256248 47
1257452 45
1258799 41
1259318 43
1260359 45
1264619 41
1273853 45
1274753 47
1277131 45
1278031 47
1279207 43
1279728 45
1280406 41
1280922 45
1282269 47
1283460 41
1284477 43
1286037 45
1299310 47
1301675 41
1302194 43
1302715 45
1304062 47
1305262 45
1306159 41
1306392 47
1306827 43
1307348 45
1309361 41
1310678 47
1313837 43
1314879 41
1315392 45
1319889 47
1321081 45
1322659 43
1323180 41
1323696 45
1324596 41
1325114 45
1338524 47
1342080 43
1343643 41
1344678 45
1345809 47
1347002 41
1347521 43
1348042 45
1349842 43
1350363 41
1350882 45
1352226 47
1353560 41
1353793 43
1354832 45
1367980 41
1369803 47
1381562 43
1382083 45
1383427 43
1383948 45
1384842 41
1385352 45
1386252 47
1387433 45
1392593 41
1393631 47
1396006 43
1397566 45
1398694 41
1407407 47
1408577 45
1409696 43
1410214 45
1411345 47
1412553 41
1413063 43
1413584 45
1414250 47
1416628 41
1417887 45
1431702 43
1441522 47
1441957 41
1442231 43
1442752 47
1443491 45
1445291 47
1446481 45
1447831 41
1449375 43
1450413 45
1454907 47
1457282 43
1457545 41
1458052 45
1467215 47
1468407 43
1468665 45
1469781 43
1470302 41
1470821 45
1471952 47
1473140 43
1473660 45
1478597 47
1480974 43
1482016 41
1483564 45
1484910 47
1486093 41
1486326 45
1487676 43
1488194 41
1488476 45
1489373 47
1490560 43
1491081 41
1491591 45
1505184 47
1507529 43
1508570 41
1510238 47
1511418 45
1512768 43
1513289 45
1514639 41
1515158 47
1516340 45
1517690 43
1518211 47
1521742 41
1522777 43
1523818 41
1524334 45
1539271 43
1539792 47
1540959 43
1541222 45
1542569 41
1551797 43
1552055 47
1563834 45
1569444 41
1570479 43
1571649 41
1572164 45
1573514 43
1574035 47
1575237 45
1576134 43
1576651 47
1577824 45
1578721 41
1579227 43
1579748 47
1582116 41
1583148 45
1596967 43
1598009 41
1598242 47
1599411 45
1600973 43
1601494 47
1602674 41
1602946 45
1604077 41
1604593 45
1605493 43
1606014 47
1609582 45
1614883 41
1615921 43
1625686 45
1635495 47
1636684 41
1637200 45
1638547 43
1639068 45
1639968 47
1641158 41
1642193 45
1647130 47
1650702 41
1651218 45
1652334 43
1653639 47
1654074 43
1654332 47
1655089 45
1656435 41
1656950 47
1658146 45
1659493 41
1659999 43
1661562 47
1665129 45
1678501 41
1679536 43
1680054 45
1681170 47
1681298 41
1681817 45
1682717 47
1683909 45
1684803 43
1685319 47
1685754 41
1687296 45
1692690 47
1695853 43
1696892 45
1698023 41
1706740 45
1716286 47
1717465 43
1717986 45
1719102 43
1719365 45
1720262 47
1732021 41
1733569 43
1734869 45
1739366 47
1739801 43
1740064 45
1741411 47
1742182 43
1742437 45
1743568 41
1744087 47
1745274 45
1745940 43
1746461 47
1748830 41
1750368 43
1751406 45
1765459 41
1765978 45
1766878 43
1767398 47
1769770 45
1770898 41
1771416 45
1772532 43
1774091 47
1776480 41
1777508 45
1782905 47
1783340 41
1783847 43
1784368 47
1785125 41
1785358 45
1787389 41
1787672 45
1797000 43
1797521 47
1798690 41
1799939 45
1804880 43
1814128 47
1816947 45
1818294 41
1818580 47
1820531 41
1821041 45
1822391 43
1822912 45
1824262 47
1825468 41
1825596 45
1838516 47
1840891 43
1842451 41
1843989 47
1845185 45
1846751 41
1846984 45
1848115 41
1848398 43
1848919 47
1850096 41
1850606 45
1851953 43
1852994 47
1855358 45
1860518 41
1869768 43
1870289 45
1871420 47
1872612 45
1873278 41
1873793 47
1874985 43
1875506 45
1884623 43
1885014 45
1890852 41
1891887 43
1893184 47
1896719 45
1898516 43
1899034 41
1900057 45
1901188 47
1910732 45
1911848 47
1914209 43
1916035 45
1929863 41
1931634 47
1932826 43
1933084 45
1934434 41
1935236 45
1936268 43
1936789 45
1937686 47
1938867 41
1940398 45
1945342 47
1946969 43
1948528 41
1949046 45
1950165 47
1951348 41
1951855 45
1961629 47
1962802 43
1963320 45
1964439 43
1965741 41
1966762 45
1971703 47
1974099 43
1974357 41
1974873 45
1975773 43
1976294 47
1977487 45
1979737 41
1980252 47
1981425 43
1991178 41
1992203 47
1994732 45
2008106 41
2008622 47
2009822 45
2011388 43
2011909 47
2013089 45
2014439 41
2023162 45
2024512 43
2025032 41
2026567 45
2031058 43
2032094 47
2035663 45
2037241 47
2038424 43
2038945 41
2039464 45
2040580 41
2040813 45
2049934 41
2051231 43
2052794 47
2056356 45
2061753 41
2062272 45
2063403 47
2063838 45
2064738 43
2065259 45
2065925 41
2066443 47
2066878 45
2080256 43
2081812 41
2083080 47
2094433 45
2095552 47
2096740 41
2097521 45
2098421 43
2098942 45
2100523 47
2101719 41
2103262 47
2105618 43
2107178 45
2112569 47
2113743 43
2114264 45
2115614 41
2116121 45
2117021 47
2117456 43
2117977 45
2128676 47
2131807 41
2133485 43
2134526 47
2135720 45
2140214 43
2140735 45
2141416 41
2141923 45
2142823 47
2144032 45
2144932 41
2145451 43
2147014 45
2151727 47
2154103 41
2163338 45
2172671 47
2173864 41
2174374 43
2174895 45
2176461 47
2177636 45
2178086 41
2179337 45
2184512 43
2194099 47
2196479 43
2196862 41
2197663 45
2198782 47
2199950 43
2200471 45
2202502 41
2203018 47
2204192 43
2205234 45
2218874 41
2219905 47
2222264 43
2223306 45
2224425 41
2224944 47
2226137 43
2226658 45
2227789 47
2228224 41
2228457 45
2229576 41
2229853 47
2231045 43
2231566 45
2236297 41
2237833 43
2238872 47
2241999 45
2243250 41
2243760 47
2244937 45
2254486 43
2255006 45
2256137 41
2256654 45
2261370 47
2264188 43
2265230 41
2266240 45
2267818 43
2268339 47
2278463 41
2278973 43
2279491 45
2280610 41
2281129 45
2281807 47
2282987 43
2284024 45
2297451 41
2298993 47
2301395 43
2301912 45
2302812 47
2304006 41
2312709 45
2314959 43
2315480 47
2315915 41
2317456 45
2323078 47
2326323 43
2327886 45
2328786 43
2329307 47
2330500 41
2330733 45
2332296 43
2332817 41
2333094 45
2342640 41
2344181 47
2347741 43
2349304 45
2355376 47
2356573 41
2357089 45
2357539 43
2366267 47
2367445 43
2367966 45
2369085 47
2372651 41
2374196 43
2375235 45
2388848 41
2389364 45
2390711 43
2391232 41
2391748 45
2392876 47
2394062 41
2394568 45
2395918 47
2399491 43
2401054 41
2402067 45
2407017 47
2407452 41
2407967 45
2409086 47
2409836 43
2410357 45
2411707 43
2411970 41
2412485 45
2413166 47
2416743 43
2418560 41
2419594 45
2434520 41
2435039 47
2436230 45
2437130 43
2437651 45
2438320 47
2448910 45
2454088 41
2463962 43
2465524 45
2474651 47
2475847 41
2476080 43
2476601 41
2476883 47
2478088 45
2479657 41
2480176 47
2480611 45
2481958 43
2483514 47
2486628 45
2491806 43
2492327 41
2493863 47
2495044 43
2495307 45
2496654 43
2496912 45
2497812 41
2498331 47
2499540 45
2500440 41
2501472 47
2503856 45
2517006 43
2518694 41
2519201 47
2520412 45
2521762 41
2522272 45
2523391 43
2523912 47
2525101 45
2525998 43
2535241 47
2537615 41
2538632 45
2544029 43
2544550 47
2545736 41
2546246 45
2555859 47
2557054 45
2558185 43
2558706 41
2559222 45
2560122 47
2562930 41
2563944 43
2564983 45
2570500 41
2571019 47
2572228 43
2572749 45
2573868 43
2574389 45
2575289 47
2576462 45
2577590 41
2578097 43
2579136 45
2592292 47
2595853 41
2597387 43
2597908 45
2600377 41
2600896 47
2602080 43
2602601 45
2603732 41
2612447 43
2612710 47
2624540 45
2629256 43
2630035 41
2631064 47
2632272 45
2633847 43
2634368 41
2634883 45
2644442 47
2645764 41
2646271 45
2646940 47
2648124 43
2648645 45
2653367 47
2655739 43
2657301 45
2658201 41
2659227 47
2659662 45
2660559 41
2661071 45
2661740 47
2662923 43
2663444 41
2663959 45
2665306 43
2666345 47
2668725 41
2669754 45
2682897 43
2683418 41
2683934 47
2685123 45
2686254 47
2686689 45
2687589 43
2688110 41
2688343 45
2689459 47
2690213 43
2690476 41
2691791 45
2696519 47
2698883 43
2699662 41
2700177 45
2701296 47
2702473 45
2703373 43
2703894 41
2704409 45
2705540 43
2705803 47
2706982 45
2719734 47
2722100 43
2731615 41
2733158 45
2734508 47
2735680 45
2736799 41
2737315 43
2737836 45
2738736 47
2739909 43
2740430 41
2741444 45
2746613 43
2747655 45
2748105 47
2751649 41
2760881 45
2770202 41
2770435 47
2771614 43
2772135 45
2773263 41
2773546 45
2774662 47
2779431 41
2781107 43
2782663 45
2788957 41
2789464 45
2790364 43
2790885 47
2801626 45
2802757 43
2803278 41
2803788 45
2816741 43
2817783 41
2818821 47
2821650 45
2822781 47
2823536 43
2824057 45
2825176 41
2825682 43
2826199 47
2827391 45
2828522 43
2829688 45
2835082 47
2838630 41
2840177 43
2840698 45
2841817 41
2842332 45
2843232 47
2845612 45
2854495 43
2855015 41
2855528 45
2856428 41
2857964 43
2859003 45
2864163 47
2866547 43
2867068 47
2868259 45
2870287 47
2871473 41
2871983 45
2872880 43
2873401 45
2886705 43
2887744 47
2891305 45
2892424 41
2893981 43
2894244 41
2894763 45
2896110 47
2897298 43
2898077 45
2899427 41
2899660 47
2903231 43
2913077 45
2918471 41
2928051 43
2928572 45
2930153 47
2931331 45
2932678 43
2933199 41
2933706 45
2942571 47
2943738 43
2945297 45
2950025 41
2951560 47
2955228 45
2956575 41
2956808 43
2957329 45
2958229 47
2959395 41
2959678 43
2959941 45
2961060 41
2961579 43
2961837 45
2975480 47
2987226 41
2988762 43
2989801 45
2990701 47
2991876 43
2992397 45
2993744 47
2994937 41
2995453 45
2997700 41
2998207 47
3000578 43
3002141 45
3006635 47
3007827 41
3009355 43
3009876 45
3011226 43
3011747 45
3012878 47
3014055 41
3014571 45
3024123 47
3026500 41
3027538 43
3028580 45
3033977 47
3035167 41
3035686 43
3036207 45
3037554 43
3038075 45
3039425 47
3040617 41
3041127 45
3054986 43
3056549 41
3066304 47
3069862 45
3070759 47
3073134 45
3074484 43
3075001 41
3075505 45
3076636 43
3077156 41
3077389 45
3078055 47
3079255 43
3080818 41
3082124 45
3087755 47
3090112 45
3091462 41
3091695 47
3092891 45
3093791 41
3094204 43
3102933 45
3112254 43
3112517 47
3113705 41
3114224 45
3119399 43
3120696 47
3123082 41
3124111 45
3125458 43
3125979 47
3127172 45
3128072 41
3128591 45
3129935 47
3131126 43
3131647 45
3133447 41
3134983 47
3137794 43
3139353 45
3152552 41
3153059 47
3162009 45
3163356 47
3164542 43
3165191 45
3166538 41
3167054 45
3167954 47
3170775 41
3171800 43
3173104 45
3178717 41
3178950 43
3179471 47
3180229 45
3190456 41
3190733 47
3191919 43
3192177 41
3192696 47
3193885 45
3195232 43
3195495 41
3196529 47
3198915 45
3203626 43
3204923 45
3206405 47
3207608 41
3208112 43
3208630 47
3209820 45
3211620 47
3212814 41
3222799 43
3224360 47
3227932 45
3241338 41
3241624 43
3242145 45
3243495 41
3243728 47
3244912 43
3245433 41
3245707 45
3247057 47
3248241 41
3249783 45
3255183 47
3257543 43
3259106 45
3260456 47
3261640 45
3262540 41
3263052 43
3263570 45
3272883 47
3274060 41
3274579 47
3277065 45
3282240 41
3283265 43
3293027 45
3294373 41
3294889 43
3295410 45
3296757 47
3297943 43
3298464 45
3299576 47
3300757 41
3301776 43
3302815 45
3315967 47
3318361 41
3319380 43
3319898 47
3321081 41
3321591 45
3324072 43
3324335 47
3333724 45
3339336 43
3340636 41
3342175 47
3346187 45
3347314 47
3348075 45
3349191 47
3349626 43
3350147 41
3350663 45
3351344 47
3352081 41
3352596 45
3365740 47
3369286 43
3370848 41
3371872 45
3373438 41
3382158 45
3383505 43
3384026 47
3385203 45
3386099 43
3386616 47
3387791 45
3392972 41
3394511 47
3396876 43
3397914 45
3406837 41
3407344 45
3408475 43
3408995 47
3410178 43
3410699 45
3411818 41
3412051 43
3413090 45
3417804 41
3419238 47
3422782 45
3424132 41
3424648 45
3425548 43
3426066 47
3427243 45
3428359 41
3428865 43
3430428 45
3444012 47
3447531 41
3448569 43
3448832 41
3449065 45
3450646 43
3450901 41
3451184 45
3452977 43
3453758 47
3455389 45
3460552 43
3470178 41
3471721 47
3474838 45
3476181 47
3476616 41
3477131 43
3477394 45
3478294 41
3478527 47
3479285 43
3479542 45
3493361 43
3494921 41
3496239 47
3508184 41
3508417 45
3509760 43
3510281 47
3511485 41
3511767 45
3512886 47
3513321 43
3513842 45
3514970 47
3515717 41
3516224 45
3529516 47
3533089 43
3534131 41
3535151 45
3536270 43
3536791 41
3545492 45
3546838 47
3548016 43
3548534 45
3549665 41
3551192 45
3556133 47
3559687 43
3560729 45
3561629 43
3562150 47
3563347 41
3563857 45
3566769 47
3570322 41
3571861 43
3573424 45
3587908 43
3588425 47
3589610 41
3590128 43
3590648 45
3592225 47
3593533 41
3595068 43
3596630 45
3601793 47
3605320 41
3605836 43
3606099 45
3615197 43
3615455 47
3616649 45
3618449 41
3618959 45
3623456 41
3624481 43
3626044 47
3629587 45
3630265 41
3630780 47
3631958 45
3632858 43
3641577 41
3642096 45
3643896 43
3645455 47
3648991 45
3661683 41
3663216 45
3664335 43
3664856 47
3666036 45
3666933 41
3667452 45
3668798 47
3680603 41
3689845 45
3694576 43
3696139 47
3696574 41
3697093 45
3698208 43
3698729 47
3699488 43
3700009 45
3701356 47
3701791 41
3702307 45
3711848 47
3712620 41
3713645 43
3715201 47
3717573 45
3722293 41
3722800 47
3724005 45
3725355 43
3725875 41
3726382 45
3727498 47
3728679 45
3734073 41
3736252 43
3737812 47
3740633 45
3741314 43
3741835 47
3742583 45
3752354 41
3752861 47
3754056 43
3754577 45
3756824 41
3758356 47
3760722 43
3762285 45
3767232 47
3768432 41
3768947 45
3770528 43
3771570 45
3772470 47
3773658 43
3774825 45
3788210 47
3790596 41
3792646 43
3793167 45
3794964 47
3796157 43
3796678 45
3797578 41
3798096 45
3798992 43
3808306 45
3813703 47
3817237 41
3818785 43
3819306 45
3828865 47
3830035 41
3838749 45
3839649 41
3839882 43
3840403 45
3841530 47
3842722 41
3844020 43
3845325 45
3850617 47
3853003 43
3853261 45
3854839 47
3857209 41
3857724 45
3858843 43
3859361 45
3860261 43
3861824 41
3863083 45
3876236 47
3887218 41
3887492 45
3888620 47
3890558 43
3891078 41
3891597 45
3892716 43
3893237 47
3894436 45
3895336 41
3895851 47
3899432 45
3905059 43
3906098 41
3907133 45
3908027 43
3908548 47
3909111 45
3910011 41
3910244 45
3919358 47
3920128 43
3920649 41
3920923 45
3921823 47
3923013 41
3924552 43
3925594 47
3927975 45
3933368 43
3933889 45
3935239 41
3935755 47
3936947 45
3937847 43
3938110 47
3938545 41
3939058 45
3940174 43
3940432 47
3943556 43
3944857 45
3957783 41
3959336 43
3959594 47
3960775 45
3961894 41
3962401 43
3962922 45
3964269 47
3965474 41
3965707 45
3970874 43
3972434 47
3974813 41
3984305 45
3985649 47
3986842 45
3987957 47
3989152 43
3989673 41
3990179 45
3991073 43
3999796 41
4001341 45
4014491 47
4018043 43
4018827 45
4020405 41
4020638 47
4021073 43
4021331 41
4021600 47
4022333 45
4024583 43
4026146 41
4027685 45
4040817 47
4052599 45
4054396 47
4055578 43
4056096 41
4056603 45
4057722 43
4058240 45
4059140 41
4059786 47
4060981 43
4062023 45
4067190 41
4068215 43
4068736 45
4070086 47
4072446 45
4073115 41
4073631 47
4074829 45
4075729 43
4076246 45
4085797 47
4088153 43
4089455 41
4091233 45
4096414 47
4097600 43
4097855 41
4098125 45
4099244 41
4099477 43
4099998 47
4101180 45
4102530 41
4102816 43
4103337 47
4104512 45
4109458 41
4110996 43
4112163 47
4113340 45
4122896 47
4124088 45
4125216 41
4125726 43
4126243 45
4127362 47
4128541 45
4129441 43
4129958 41
4139697 47
4143261 43
4144302 45
4149692 41
4150199 45
4151780 41
4152013 45
4152463 43
4152981 47
4154159 41
4154952 45
4155984 47
4158380 43
4159943 41
4160977 45
4174126 47
4175315 41
4175824 45
4176940 43
4177461 45
4178804 47
4179997 43
4180260 41
4180493 45
4181840 43
4191332 41
4192638 47
4196213 45
4201394 41
4201913 43
4202430 45
4212211 47
4213403 41
4213916 43
4214437 45
4216018 47
4217209 41
4218758 43
4220320 47
4231023 45
4236189 47
4237364 45
4238495 41
4239005 43
4239526 45
4240639 47
4241835 41
4243370 45
4257206 43
4258241 47
4261823 43
4262344 45
4263694 41
4264209 45
4265105 47
4266280 43
4266798 45
4268148 47
4269330 41
4279068 43
4280107 47
4282494 45
4287210 43
4287731 45
4289081 41
4290119 45
4299660 47
4300858 43
4301373 45
4302504 47
4303675 43
4304714 41
4305742 45
4310239 47
4312602 43
4313123 41
4313630 45
4314749 43
4315012 47
4316191 45
4317541 43
4317796 45
4319146 41
4320696 47
4324248 43
4325287 45
4338278 43
4338795 45
4340145 47
4340580 41
4341087 45
4342203 47
4342957 45
4343857 41
4345394 47
4347740 43
4349303 45
4354244 41
4354754 47
4355958 43
4356476 45
4357607 41
4357735 45
4358635 41
4358868 47
4360072 43
4368865 41
4369139 45
4370039 43
4371078 47
4374618 41
4376169 45
4389975 41
4390494 45
4392744 47
4393179 41
4393695 43
4394737 45
4400130 47
4410722 41
4411750 43
4412792 45
4421923 41
4422433 47
4423634 43
4424155 45
4425505 43
4425633 45
4426533 41
4435262 47
4436442 43
4436963 45
4442144 41
4443167 47
4445556 43
4446596 45
4447496 41
4448008 45
4449127 43
4449648 47
4450830 45
4452180 43
4452700 41
4453216 45
4453897 47
4455082 41
4456105 43
4457143 47
4459543 45
4472916 43
4473179 45
4474211 47
4475395 43
4475653 41
4476169 45
4477300 43
4477821 45
4478490 47
4479674 43
4480979 41
4482529 45
4487476 47
4489854 45
4491203 43
4491461 47
4492633 45
4502028 43
4502549 41
4503059 45
4504406 47
4509165 41
4510420 43
4511980 45
4517371 41
4517648 45
4518998 47
4520185 41
4520695 45
4521364 43
4521885 45
4523016 47
4524191 41
4524701 47
4527648 43
4528949 45
4542549 41
4543584 47
4544765 43
4545023 41
4545256 45
4546825 43
4547346 41
4547623 47
4548395 45
4550642 41
4551161 47
4552329 45
4556829 43
4566585 41
4576389 47
4579935 45
4581513 43
4582034 41
4582550 45
4591716 41
4592235 43
4592753 47
4602141 45
4603488 43
4603751 47
4607300 41
4608850 45
4614247 43
4615543 41
4615776 45
4616445 47
4617637 41
4617914 45
4619042 43
4619560 45
4620910 47
4621345 43
4621866 45
4635459 47
4639745 41
4641268 43
4642310 41
4642817 47
4643252 45
4644821 43
4645339 47
4646113 45
4647244 43
4647765 41
4647998 45
4648898 47
4650071 41
4651363 45
4655857 47
4658230 43
4659535 45
4660654 41
4661169 47
4662343 43
4662600 45
4672825 43
4673346 41
4673864 45
4679027 43
4680069 41
4681228 47
4685969 45
4686866 43
4687387 41
4687906 45
4690156 47
4691354 41
4691587 45
4692487 41
4692773 43
4694336 45
4707485 41
4708511 47
4712066 43
4712586 45
4713717 41
4714223 43
4714744 45
4715863 47
4717044 41
4717560 45
4719807 43
4729702 47
4734450 41
4743963 45
4749807 41
4750089 43
4750607 41
4751126 45
4752257 47
4753435 43
4753953 47
4764532 45
4778356 43
4779398 41
4780941 47
4782145 45
4783276 43
4783793 45
4784462 41
4784981 47
4786168 45
4787965 43
4788483 47
4789686 41
4790712 45
4803995 47
4806333 43
4807893 41
4808400 45
4809750 41
4810266 45
4811616 47
4812809 43
4813327 45
4814008 43
4815050 45
4819993 41
4821524 47
4825054 43
4825574 45
4826924 41
4827440 47
4828636 45
4830652 41
4831162 43
4831683 45
4832583 43
4834146 41
4835169 47
4838758 45
4852358 47
4852793 43
4853056 41
4853575 45
4854475 43
4854733 41
4855251 47
4856134 45
4858834 47
4859269 43
4860307 47
4863445 41
4864985 45
4878201 43
4878721 47
4879156 41
4879389 45
4881189 47
4881925 43
4882442 45
4883573 41
4892048 47
4892483 45
4894730 41
4896260 47
4899368 43
4900409 45
4904456 43
4904977 45
4905877 43
4906398 47
4907601 45
4908951 41
4909700 45
4910597 41
4911903 43
4921673 45
4934816 47
4937638 43
4938159 41
4938675 45
4941144 43
4941665 47
4951109 43
4951372 41
4951891 45
4953469 47
4955817 43
4957117 45
4970477 41
4971502 47
4972676 43
4973194 41
4973427 45
4974327 47
4974762 41
4975044 45
4976394 47
4977154 43
4977675 45
4979025 41
4979543 47
4981918 43
4983478 45
4988650 41
4989676 43
4990194 47
4991389 41
4991896 45
4993915 47
4995105 43
4995626 45
4996076 43
4996339 41
4998017 45
5012056 47
5014414 43
5015710 45
5017057 47
5018251 41
5018761 47
5019196 45
5020096 41
5020602 43
5021123 47
5021866 45
5023441 47
5025814 41
5035553 45
5040494 43
5042054 45
5051604 47
5052783 43
5053046 45
5053715 41
5054221 43
5054475 47
5055672 45
5056803 43
5057321 41
5058862 45
5064028 43
5065194 47
5067580 45
5068480 41
5068999 45
5070130 47
5071300 43
5071821 45
5073390 41
5073902 43
5083687 47
5087241 45
5100836 41
5102890 43
5103411 47
5104585 45
5106832 41
5107351 43
5107872 45
5108769 47
5109959 41
5110985 43
5112545 45
5117624 47
5120417 41
5120924 45
5121821 47
5122575 45
5131671 47
5132106 43
5132627 41
5133137 45
5134718 47
5144879 43
5145400 41
5145915 45
5151075 43
5152117 41
5153154 47
5156711 45
5157839 43
5158360 47
5159538 45
5162004 41
5162523 43
5163041 45
5176201 41
5177744 47
5181470 43
5182512 47
5183715 45
5185515 43
5186033 41
5194769 45
5195897 43
5196418 45
5197315 43
5197833 47
5199013 41
5200539 43
5201581 45
5206290 47
5209877 45
5211221 43
5211484 45
5221034 43
5221289 41
5222309 47
5223484 45
5224615 43
5225136 47
5227512 41
5228538 43
5229843 45
5235006 47
5236214 41
5236447 43
5236705 45
5237836 41
5238118 45
5238784 41
5239299 45
5252917 43
5254477 41
5255727 47
5259279 45
5260407 41
5260690 47
5261864 45
5262980 41
5263213 43
5263734 45
5264631 41
5264917 47
5266097 43
5275876 45
5281264 41
5282796 47
5285588 45
5286938 47
5287696 43
5288217 45
5288667 41
5289174 43
5289695 45
5291270 47
5292464 43
5292727 41
5293994 45
5307593 43
5308893 41
5309176 47
5311984 45
5313334 47
5322285 45
5323404 43
5323922 45
5324822 41
5325460 47
5326641 45
5340478 41
5349708 47
5352094 43
5353920 45
5355036 47
5356227 41
5356737 45
5358087 43
5358345 41
5358852 43
5359373 45
5360270 47
5361450 43
5362492 45
5367889 47
5370240 41
5371775 43
5372296 47
5372731 45
5374526 47
5375297 41
5375804 45
5376935 43
5377198 47
5378382 41
5378615 45
5388172 43
5388554 47
5392142 41
5393450 45
5398169 43
5399728 45
5400628 41
5401144 47
5402315 45
5402996 43
5403517 47
5404692 45
5406036 41
5406269 43
5407310 47
5409695 45
5423055 41
5424360 43
5424881 47
5426061 45
5427642 43
5427905 41
5428417 47
5429615 41
5430134 45
5431613 43
5431871 47
5434257 43
5435820 45
5440986 41
5442534 45
5444786 43
5454021 41
5454528 47
5455698 45
5457494 47
5458685 43
5459203 41
5459707 45
5460157 47
5460592 45
5470141 41
5470660 47
5471428 45
5472328 43
5472849 45
5473749 47
5474184 41
5474688 43
5476245 47
5480557 45
5486853 41
5496622 43
5497143 45
5498274 47
5498402 45
5499071 41
5499580 47
5508966 45
5510097 43
5511656 41
5513197 47
5516782 45
5529758 43
5530279 45
5531626 41
5532142 43
5532663 45
5533344 47
5535721 45
5547795 43
5549097 41
5550650 47
5553436 43
5553693 47
5554437 43
5554700 41
5555216 43
5555736 47
5558545 43
5559842 41
5561101 47
5561872 43
5562393 41
5562667 47
5563847 43
5564365 41
5564869 47
5566047 43
5567083 41
5568100 47
5570472 43
5570993 41
5571509 47
5572713 41
5573223 43
5574264 47
5577830 41
5578856 43
5579377 41
5579893 47
5581077 43
5589792 41
5590310 47
5591510 43
5593067 41
5602952 47
5605337 43
5605600 41
5606107 47
5607296 43
5607554 41
5608066 47
5611653 41
5612924 43
5614486 41
5614769 47
5624304 43
5624822 47
5625996 41
5627531 43
5629219 47
5632787 41
5633303 47
5633738 41
5633971 47
5634719 41
5635005 43
5635525 41
5636545 43
5637586 47
5640376 41
5640895 43
5641158 47
5641914 43
5642172 47
5643383 43
5643646 41
5644153 43
5645450 41
5646476 47
5650068 43
5650589 41
5651096 47
5652276 43
5653833 47
5657386 41
5658657 43
5658920 41
5659203 43
5659461 47
5660632 41
5661147 43
5661668 47
5664054 43
5665092 41
5674886
5675793 47
5676972 43
5677235 41
5677751 43
5678009 41
5678516 43
5687306 47
5688624 41
5689647 43
5690689 47
5693470 41
5693703 47
5694447 43
5694965 41
5695239 43
5695760 47
5696948 41
5697457 47
5698640 41
5699657 47
5702005 41
5702238 43
5703801 41
5704075 47
5713476 43
5713997 41
5714504 47
5714939 43
5715454 41
5716482 47
5718835 43
5719877 41
5720384 47
5721565 43
5722086 41
5722319 47
5723508 41
5723782 47
5726191 43
5727230 41
5728757 47
5729953 43
5730474 41
5730981 47
5732173 43
5732694 41
5734245 43
5735284 47
5737671 43
5738191 47
5739383 41
5748121 43
5748639 47
5749814 41
5750333 43
5750596 47
5752962 41
5754119 43
5754898 41
5755411 43
5755932 47
5757126 41
5757642 47
5758812 43
5759333 41
5759843 43
5760885 47
5764420 41
5765454 43
5765972 41
5766488 47
5767664 41
5768180 43
5768701 41
5769723 43
5779365 47
5781726 41
5781959 43
5782214 47
5783393 41
5783679 43
5784197 47
5784632 41
5785151 47
5796593 43
5798156 41
5799193 47
5800387 41
5800903 43
5801166 47
5802374 43
5802632 41
5803148 43
5804189 47
5807769 41
5808795 43
5809316 47
5810510 41
5811022 43
5811543 47
5812747 43
5814307 41
5824054 47
5826411 41
5826926 47
5828112 43
5828633 41
5829137 43
5830694 47
5833511 41
5835067 47
5835824 43
5836342 41
5836858 47
5838063 43
5839623 47
5843303 41
5844845 43
5845365 47
5846574 41
5847081 43
5847602 47
5851157 41
5852167 43
5853206 47
5854408 41
5854641 43
5855159 41
5855444 47
5855879 43
5864610 41
5866158 43
5867197 47
5870737 43
5871258 41
5872281 47
5883416 41
5884449 43
5885490 47
5886247 43
5887030 41
5887545 43
5887800 47
5888993 41
5889509 43
5890030 47
5892414 41
5901639 43
5902681 47
5903886 41
5904405 43
5904926 47
5906119 43
5906640 41
5907663 47
5910485 43
5911527 41
5912174 47
5912918 41
5913425 47
5914617 43
5915135 41
5915878 47
5918677 43
5919713 41
5921019 47
5921763 43
5922284 47
5923464 43
5923727 41
5923960 43
5924218 41
5924495 47
5925674 41
5926711 43
5928274 47
5930634 41
5931138 43
5931784 41
5932294 47
5933471 43
5933734 41
5933967 43
5934225 41
5935008 43
5936044 47
5938435 43
5938956 47
5940145 41
5941165 47
5942342 43
5951130 41
5951363 47
5951798 41
5953103 43
5954145 47
5957292 43
5957813 41
5966543 47
5967728 41
5967961 43
5969524 41
5970827 47
5982581 43
5983102 41
5983618 47
5984811 41
5985329 43
5985846 47
5988208 43
5989250 41
5990265 47
5991461 43
5991724 41
5992231 43
5992488 47
5993680 41
5994196 43
5994716 47
5997205 41
5998740 43
5999779 47
6000971 43
6001491 41
6002006 47
6002441 43
6002962 41
6003195 47
6003951 43
6005514 41
6006825 47
6010355 41
6010862 43
6011383 47
6012584 41
6013103 47
6015448 43
6017008 41
6018537 43
6019058 47
6020236 43
6020757 47
6021937 41
6022170 47
6024579 43
6025618 41
6035111 43
6043830 47
6045005 41
6045521 43
6046038 47
6047219 43
6047737 41
6049288 47
6052856 43
6053895 41
6054414 43
6054935 47
6056128 41
6056647 43
6057685 41
6058713 47
6061053 41
6061693 43
6062214 47
6072786 41
6073302 43
6073823 47
6077336 41
6078595 43
6079636 41
6079919 43
6080440 47
6081617 41
6082126 47
6082561 41
6083071 43
6084628 41
6085648 47
6088784 43
6089435 41
6089954 47
6091141 43
6091404 47
6092596 43
6094411 41
6095940 47
6098316 43
6098837 47
6100016 41
6100535 43
6101056 41
6110281 47
6112660 43
6113702 41
6114211 47
6115390 43
6115911 47
6117094 41
6117597 43
6118115 47
6118550 41
6120097 43
6121139 47
6124241 43
6132956 41
6133475 47
6134675 43
6135196 41
6135712 47
6138516 43
6139558 41
6140593 47
6141339 43
6141860 41
6142370 47
6142805 41
6143038 47
6143785 43
6144306 41
6144577 43
6145619 41
6146635 47
6149146 43
6149667 47
6159049 41
6159561 47
6160740 41
6161247 43
6161768 47
6164142 41
6165177 43
6166219 41
6166738 43
6167001 47
6168187 43
6168445 47
6168880 43
6169400 41
6169910 47
6173067 43
6174108 41
6175372 47
6176557 41
6185036 43
6185554 47
6186735 41
6186968 47
6188161 41
6189452 43
6191012 47
6193381 41
6193614 43
6194135 41
6194418 47
6197985 41
6199011 43
6200571 41
6201090 47
6202281 43
6202802 41
6203315 47
6206862 43
6207900 41
6208919 43
6217638 41
6218287 43
6218805 47
6219240 41
6219473 47
6220253 41
6220535 43
6221056 47
6224642 41
6226177 43
6227216 47
6228398 41
6228904 43
6229425 47
6242378 41
6243920 43
6244962 47
6245397 43
6245918 47
6246676 41
6246909 43
6247039 41
6247321 43
6247842 47
6249036 43
6250077 41
6251608 47
6254007 41
6262717 43
6263235 47
6265622 41
6266141 43
6266662 47
6269468 41
6270501 43
6271539 47
6272295 41
6272814 47
6273249 43
6273770 47
6274528 41
6274761 43
6275024 41
6275297 47
6278850 43
6280147 41
6281169 47
6282361 41
6282877 43
6283398 47
6286943 43
6287985 41
6289532 43
6290053 41
6290286 47
6291479 41
6291756 43
6292274 41
6292781 47
6295284 43
6296321 41
6297359 43
6297880 47
6299076 41
6299591 47
6300782 43
6310534 41
6312065 47
6315613 43
6316130 47
6316565 43
6316828 41
6317338 47
6318097 43
6318873 41
6319896 47
6331679 43
6332721 41
6341441 43
6341962 47
6343139 41
6343645 43
6344166 41
6345188 47
6348724 43
6350286 41
6350802 47
6351972 43
6352493 41
6353006 47
6353441 43
6354483 41
6355509 47
6358634 41
6359149 43
6359670 47
6360868 41
6361890 43
6362932 47
6365287 41
6365797 43
6366318 47
6367500 41
6368148 43
6368669 47
6371056 41
6372091 43
6373133 47
6374330 41
6374836 43
6375357 47
6376539 41
6377054 43
6377575 41
6378591 47
6380948 43
6381989 47
6383178 43
6383441 41
6383945 43
6384330 41
6384849 43
6394118 47
6397676 41
6398698 43
6399216 41
6399732 47
6400914 43
6401177 47
6401612 43
6401870 47
6402627 41
6411346 47
6421945 41
6422962 43
6424519 47
6424954 41
6425470 47
6426215 41
6426730 43
6427251 47
6428458 43
6429500 47
6431877 43
6432394 41
6433935 47
6435113 41
6435629 43
6436150 47
6437349 41
6438375 43
6439414 47
6441797 43
6442318 47
6443502 41
6444018 43
6444539 47
6445727 41
6446973 43
6448532 47
6451020 41
6451303 47
6452479 41
6452992 43
6453510 47
6454702 41
6455721 43
6457026 47
6458222 41
6458455 43
6458713 41
6458992 47
6460151 43
6460414 47
6460849 41
6461359 43
6461617 47
6462350 43
6463392 47
6465767 41
6467307 47
6468496 43
6469017 41
6477726 47
6478933 43
6479451 41
6480978 43
6490221 47
6492619 41
6492852 47
6494025 43
6494546 41
6494832 43
6495353 47
6496544 41
6497060 43
6498620 41
6499658 47
6511467 41
6511971 43
6512489 47
6513674 43
6513937 41
6514456 43
6514714 47
6518277 43
6519834 41
6521375 43
6521896 47
6522331 41
6522694 43
6523215 41
6523501 47
6524700 43
6525739 41
6526765 47
6529147 43
6529665 41
6529898 47
6531080 41
6531869 43
6532390 47
6535180 41
6536433 47
6537190 43
6538753 41
6539039 43
6539560 47
6540735 41
6541239 43
6541369 47
6543753 41
6553001 47
6554199 43
6555241 41
6555760 43
6556281 47
6557898 41
6558417 43
6558938 47
6559690 43
6560728 47
6563115 41
6564371 43
6564892 47
6566073 41
6566346 43
6575063 41
6575569 47
6576761 41
6577787 43
6579347 47
6581738 41
6581971 47
6583176 41
6583462 43
6583980 47
6584415 41
6584921 47
6585666 43
6586708 41
6587740 47
6598325 43
6598846 41
6599361 47
6600541 41
6600774 47
6601951 43
6602472 41
6603274 47
6605805 41
6606843 43
6608403 47
6609577 41
6610083 47
6610518 43
6611039 47
6611781 41
6612300 43
6613342 47
6615727 41
6616762 43
6617283 47
6618469 41
6618975 43
6619495 47
6620673 41
6621192 43
6622231 47
6623853 41
6633067 47
6633824 41
6634337 43
6634858 47
6636048 41
6636567 47
6638932 41
6639966 43
6641526 47
6642703 41
6643218 43
6643739 47
6644943 43
6645461 41
6645964 43
6647003 41
6648026 47
6650407 43
6650928 47
6652119 41
6652626 47
6653797 43
6662514 41
6663021 43
6664063 47
6667632 41
6668670 43
6669188 41
6669698 43
6670219 47
6671392 43
6671912 47
6672347 41
6674012 43
6675317 47
6686631 43
6686889 47
6688071 41
6688586 43
6689104 47
6690284 41
6690799 47
6693189 43
6694228 41
6695486 43
6696007 41
6696293 47
6697465 43
6697728 47
6698163 43
6698420 41
6707146 43
6707797 47
6709724 41
6710749 43
6711788 47
6712967 41
6713200 47
6714376 41
6714662 43
6715183 47
6716384 43
6716905 41
6717424 47
6719787 43
6720829 41
6722895 47
6724102 43
6724623 41
6725136 47
6726312 43
6726575 47
6728941 43
6730241 41
6732299 43
6732562 47
6732997 43
6733255 47
6734000 43
6734521 41
6735040 47
6736229 41
6736745 43
6746511 41
6747536 47
6751112 41
6751627 43
6752148 47
6753327 43
6754890 41
6756440 47
6759228 43
6759491 47
6760395 43
6760653 47
6761824 43
6762345 41
6771568 43
6772608 47
6785543 41
6786563 43
6787084 41
6787591 43
6788109 47
6789289 41
6789793 43
6791353 47
6793730 41
6794988 47
6796164 41
6796450 43
6796968 47
6798162 41
6799706 43
6801266 47
6804845 41
6805361 47
6806550 43
6807071 41
6807578 43
6808620 47
6810973 41
6812011 43
6812532 47
6813727 41
6814243 43
6814506 47
6815678 41
6816193 43
6816451 47
6818845 41
6819880 43
6821185 41
6821692 43
6821950 47
6823141 41
6823651 47
6824837 43
6833580 41
6833710 43
6835270 47
6837665 41
6838694 47
6839877 41
6840392 43
6840910 47
6842098 41
6842331 43
6842852 41
6852348 47
6855903 43
6856945 41
6857464 47
6858630 43
6859151 41
6859661 47
6869050 43
6869571 41
6870600 43
6871769 47
6874138 41
6874371 47
6875576 41
6875849 43
6876370 41
6876603 47
6877783 41
6878062 43
6878583 47
6880968 43
6882010 41
6883551 43
6884069 47
6885264 41
6885783 47
6886218 41
6886724 43
6887245 47
6889625 41
6890374 43
6891410 47
6892174 43
6892437 41
6892710 43
6892968 41
6893483 47
6894655 43
6896218 47
6898588 41
6900124 47
6901316 41
6901831 43
6902352 47
6903532 43
6904050 47
6904485 41
6914267 43
6915308 47
6918546 41
6919065 43
6927782 47
6928956 41
6929472 47
6930663 41
6931684 47
6934052 43
6935356 47
6935791 43
6936048 41
6936567 47
6937311 43
6937829 47
6939004 41
6939514 43
6941076 47
6943452 41
6944486 47
6945682 41
6946186 43
6946707 47
6956092 41
6956608 43
6957126 41
6958161 47
6961708 43
6962747 41
6963257 43
6963775 47
6964966 41
6965476 43
6965997 41
6966510 47
6967693 43
6969256 41
6970273 47
6972629 41
6973148 43
6973669 47
6974859 43
6975377 41
6976931 47
6980493 43
6982053 41
6982286 47
6982721 41
6983003 43
6983524 47
6984267 41
6993000 47
6995379 41
6996543 43
6998106 47
6999280 41
6999799 43
7000320 47
7001506 41
7002013 47
7004387 41
7005422 43
7015176 47
7016380 41
7016887 43
7017407 41
7017923 47
7022678 43
7024113 41
7025150 43
7025408 41
7025923 47
7027114 43
7027632 41
7027865 47
7029076 41
7029359 43
7030398 47
7032749 41
7033771 47
7043170 43
7043691 41
7044201 43
7044722 47
7045917 41
7046424 43
7047466 47
7050280 41
7051315 47
7052058 43
7052321 41
7052840 43
7053098 47
7054279 41
7054786 43
7055307 47
7058871 41
7059900 43
7061463 41
7061979 47
7063168 41
7063401 43
7063922 41
7072415 47
7074787 41
7075816 43
7076854 47
7078028 43
7078548 41
7079064 47
7080372 43
7080890 41
7081397 43
7082439 47
7084813 41
7085845 43
7086366 47
7086801 41
7087317 47
7088059 43
7088322 41
7088832 47
7090046 43
7099553 47
7102353 41
7103895 47
7104631 43
7105152 47
7106326 43
7106847 41
7107366 43
7108408 47
7110794 41
7112338 47
7113521 43
7114042 41
7114557 43
7115077 47
7126861 41
7128111 43
7129416 41
7129698 47
7130875 43
7131133 41
7131640 43
7131903 47
7133098 43
7133356 47
7135713 43
7136755 41
7146502 47
7147671 43
7148192 41
7148702 43
7149223 41
7150379 47
7153939 43
7154978 41
7155485 43
7156006 41
7156525 47
7157721 43
7158242 41
7158761 47
7159974 43
7161276 47
7162917 41
7163940 43
7164195 47
7164956 41
7165466 47
7166652 43
7167173 47
7168377 43
7169549 41
7170805 47
7172418 41
7172704 43
7173225 47
7173962 41
7174477 47
7175669 41
7175902 43
7176423 41
7176709 43
7185983 41
7187003 47
7190539 41
7191055 43
7191576 47
7192011 41
7192244 47
7192975 43
7194538 41
7195847 47
7199394 43
7199915 41
7200419 47
7200854 43
7201375 41
7201881 47
7205017 43
7206055 41
7215255 43
7215518 47
7224936 43
7225194 41
7226208 43
7227767 41
7228778 43
7229299 41
7229812 47
7231587 43
7232108 41
7232624 47
7234583 43
7235622 41
7236647 47
7237082 43
7237602 41
7238114 47
7240059 41
7240569 47
7242937 43
7244240 41
7245265 43
7245522 41
7246037 47
7247229 43
7247749 41
7248265 43
7249821 41
7250847 47
7254410 41
7254920 43
7255440 47
7256617 43
7257134 41
7257644 43
7266881 41
7267911 47
7271484 43
7272001 41
7272511 47
7273687 43
7274207 41
7274714 47
7275908 41
7285667 47
7288062 43
7289623 41
7290133 43
7290651 47
7291825 41
7292340 43
7293645 47
7297665 41
7299328 43
7299586 47
7300336 43
7300599 41
7300832 43
7301087 41
7301364 47
7302548 43
7303069 41
7304089 43
7305131 47
7316895 41
7317405 47
7318589 41
7319108 43
7320147 41
7321674 43
7323109 47
7325450 41
7325683 43
7325941 47
7327100 41
7327374 43
7327637 47
7328072 41
7328305 43
7328562 47
7329308 41
7329582 43
7330623 47
7332954 41
7334213 43
7334734 47
7335169 41
7335455 47
7336180 41
